0.126141962036956	0.000491450195277823	12.1228315909788	0.234684086709223	0.117549825716110	0.0488701286073120	0.0562571402683066	1.44645465078203	2.73318519662161	71097	0.0717943047146307	0.0819311504908366	0.137250511457980	0.290975966663447
2.72572880949223e-18	0.0893872307892069	0.144121231944643	0.156814437291694	0.722049486230104	0.0372609278486031	0.0421453043099390	1.85771890087452	0.957933189370141	90720	0.0873335458668081	0.109325649432276	0.108203689282539	0.304862884581622
3.75220709285077e-17	0.0390139259121405	0.893229699644974	0.142114554575395	0.165888648971177	0.0494264769117012	0.0566636142154664	1.83408627409555	1.65463613710818	467709	0.0659716558786325	0.0917766760181082	0.140755023620512	0.298503355517252
0.0960089905875132	0.0338819202943205	0.376135246353836	0.205677637740316	0.216368036730216	0.0631280576886671	0.0731600824657614	1.49634260530452	1.42787350327246	107527	0.0637773341176669	0.120125184351065	0.148014143265826	0.331916661734557
0.0212053382021125	0.00199910845927615	0.298429416852611	0.154783445762026	0.203721725683186	0.0319972122431158	0.0353949874748943	1.71098207731328	1.57048203190635	98507	0.0630062840907166	0.147268294359969	0.148475998163641	0.358750576614327
0.551278132805258	0.00226323936707456	2.83640663509040	1.35222176521064	0.127437307273789	0.0343021115763151	0.0384717330990939	1.10061989343350	2.22837721718778	194484	0.0874829757880832	0.0987498535115582	0.127003630820536	0.313236460120177
0.0320619083244298	0.0210493437205991	0.247885966240855	0.172083324975959	0.278134734562188	0.0744787339704415	0.0869177595502207	1.68020000866171	1.39262630378521	128484	0.0759692116318665	0.148045938571408	0.134797617908609	0.358812768111884
0.00327536766925248	1.94775918922537e-16	1039.39170427004	0.149302235910253	0.106344045366529	0.0350480380774338	0.0396514142377278	1.82101219544093	4.26849853973455	328264	0.0703145943301070	0.113950349490868	0.148322297969871	0.332587241790846
0.153993031338765	0.0290371989235200	0.316242961209707	0.264458935031545	0.249519981623563	0.0506201342732992	0.0581919676752356	1.40596070853317	1.41337532292295	33664	0.0867986685973830	0.136614043927901	0.119420857304767	0.342833569830051
9.15502162078686e-17	0.00717209042873041	0.0712011686150993	0.141255758091756	0.179838095049727	0.0356607442862778	0.0402252531987135	1.81937367207177	0.965492130015291	157346	0.0765879568637758	0.110828262902238	0.119409226452922	0.306825446218936
3.55127653214983e-17	2.24870975826063e-19	0.0829236221724177	0.165200339853004	0.160835517035032	0.0454265660374274	0.0519254591283072	1.86874063287932	1.06892497686662	159434	0.0993282979306728	0.107802029590519	0.108767020965559	0.315897348486751
0.706356606499815	0.0269093099033081	0.177996198471285	31.9868032602191	0.298511358718054	0.0343608540844901	0.0387100447608006	1.03665196363424	1.24941925643571	457967	0.0993369184758556	0.135860247872264	0.122045952321349	0.357243118669469
0.645409566340203	0.00157555506452698	1.50819190566720	5172551767526.72	0.125119009893404	0.0150059231747353	0.0152984258882946	1.06710125114401	1.99388357008888	656575	0.0747751152636219	0.0998382453114285	0.139088235104073	0.313701595679123
1.25086634689802e-17	0.245111473163090	0.287996392667536	0.149720249747732	4.12047650873482e+18	0.0152644313127647	0.0157553589397282	1.83768830410614	0.947463624530824	51341	0.0840121746206279	0.131729712845452	0.120141132451840	0.335883019917920
0.0465403730737975	1.00919617557897e-15	0.164745022787282	0.175531471518339	0.237899766726431	0.0601929945254443	0.0698386084528576	1.62288707392697	1.40929462147081	160133	0.0651893726516392	0.145989655061448	0.118723860136724	0.329902887849811
0.00893719879846550	0.0503686348963447	10.8940717327991	0.143331477558750	0.128868372473456	0.0372086671441355	0.0424629742372379	1.77111893762614	2.42011460009719	23226	0.0650194324153869	0.0999341371278453	0.144331778828164	0.309285348371396
0.0170018474070431	0.000368067558017442	0.0382359843032143	0.151945533930809	0.994318859572959	0.0547709044361381	0.0630354898694200	1.73153414270853	0.969162742294233	151655	0.0614016607770788	0.148146970353947	0.110649793187098	0.320198424318123
0.0189428619035986	2.57541979130699e-18	0.0308284215127943	0.147892383627036	0.478547180445557	0.0452698994939693	0.0517706968469212	1.71224227045299	0.856334574573526	56580	0.0580270064480616	0.137057648507915	0.116135223183226	0.311219878139203
7.59724470590503e-17	0.0375488160481215	7.19610738330049	0.121772467786782	0.126872093072530	0.00207410299755191	7.28232497639096e-16	1.78834138589389	2.31739778766790	306229	0.0785755919098798	0.0753421602671517	0.149262933393987	0.303180685571019
0.710825838462478	9.79779890823977e-05	0.0685431475353631	597512837764400	0.162040045972055	0.00761422977576278	0.00649142184496063	1.03600841679796	0.998304420235433	749246	0.104749064927395	0.108487773004896	0.120902085679532	0.334138923611823
1.88206549322278e-17	0.102384146387538	0.549806254482880	0.138022741511495	0.261620905599806	0.0476720914883824	0.0543275535400611	1.82396790418796	1.33265525655895	287717	0.0611530157983597	0.105084656885744	0.149818735505613	0.316056408189717
0.697560270530146	0.116648598188958	1.00984150109016	70.4812770109573	0.217870745132028	0.0179834134787628	0.0189428870279283	1.04159658755829	1.49175324971944	726235	0.0956103952099999	0.0867071414895617	0.123881456023605	0.306198992723167
0.619368149435875	9.08970662763456e-17	0.256214499438267	6.07080969646409	0.171574671793972	0.0552594266324410	0.0638722370469130	1.07510370491178	1.48517906030790	215585	0.0907474606807015	0.133161635993161	0.134831900411738	0.358740997085601
4.32400360950556e-22	0.385778866389170	1.87247373312267	0.116494414328128	0.292111232101146	0.00214232840466651	0.000133667914811655	1.76753971887053	1.38247346621659	742071	0.0981499086580754	0.0757137665996247	0.146640033147492	0.320503708405192
0.00822254783072363	0.0767589262638914	0.584630419232635	0.157931937626326	0.229107751660756	0.0591386563305467	0.0688578400576584	1.79907262868410	1.41599636647457	119958	0.0816709200786967	0.106173753320757	0.146786625744727	0.334631299144181
5.60856129509433e-19	3.11699743101020e-17	1.03530416833399	0.141846424939052	0.143875992504853	0.0561177777289361	0.0650762063681410	1.83326418441974	1.96176968733115	553374	0.0663477281913460	0.123722304651362	0.126294272912172	0.316364305754880
3.02807354303418e-05	0.0450114165048076	0.424997985670959	0.138677590987351	0.221338052565944	0.0577359258186183	0.0668554390478567	1.82274841485693	1.41918116431980	45536	0.0607137251133102	0.115427442429504	0.148235996656487	0.324377164199301
0.0281907874585362	5.63333165090429e-16	0.277740680903953	0.178856434662360	0.185413051865292	0.0674105926478856	0.0784052091800161	1.70461899975689	1.55331687793544	108100	0.0913499678939509	0.135910761355644	0.114438608246836	0.341699337496431
0.00447694422523278	5.96847274116167e-18	0.0396059657662680	0.146309965652584	0.810990944183407	0.0521590412926895	0.0598886716917667	1.80477601685434	0.985381215824419	165449	0.0664107187941080	0.146099841973630	0.108976852876472	0.321487413644210
1.26051561974514e-21	1.59010335134725e-14	0.00364627726648045	0.136647527293607	0.255430799153199	0.00311907323781327	0.00135138600163476	1.82944881293830	2.68743161020116e-14	46845	0.0747455180794921	0.143959781063208	0.134777650825185	0.353482949967885
0.000653916013599796	0.0722332164906130	0.341032448782740	0.144022842785641	0.325974341725851	0.0553830443237020	0.0638474684982598	1.82721417102976	1.27734763053790	14368	0.0694662914794039	0.127432371379257	0.118650732956965	0.315549395815626
1.45506955327159e-09	0.0100038362379624	2.77011283968547	0.157345791717182	0.122045570247473	0.0487429102995010	0.0561464265649363	1.86226858039970	2.12861433526119	4893	0.0917701805581059	0.0875541384596661	0.146554072357858	0.325878391375630
0.153993031338765	0.0290371989235200	0.316242961209707	0.264458935031545	0.249519981623563	0.0506201342732992	0.0581919676752356	1.40596070853317	1.41337532292295	33664	0.0867986685973830	0.136614043927901	0.119420857304767	0.342833569830051
9.15502162078686e-17	0.00717209042873041	0.0712011686150993	0.141255758091756	0.179838095049727	0.0356607442862778	0.0402252531987135	1.81937367207177	0.965492130015291	157346	0.0765879568637758	0.110828262902238	0.119409226452922	0.306825446218936
3.55127653214983e-17	2.24870975826063e-19	0.0829236221724177	0.165200339853004	0.160835517035032	0.0454265660374274	0.0519254591283072	1.86874063287932	1.06892497686662	159434	0.0993282979306728	0.107802029590519	0.108767020965559	0.315897348486751
0.706356606499815	0.0269093099033081	0.177996198471285	31.9868032602191	0.298511358718054	0.0343608540844901	0.0387100447608006	1.03665196363424	1.24941925643571	457967	0.0993369184758556	0.135860247872264	0.122045952321349	0.357243118669469
0.645409566340203	0.00157555506452698	1.50819190566720	5172551767526.72	0.125119009893404	0.0150059231747353	0.0152984258882946	1.06710125114401	1.99388357008888	656575	0.0747751152636219	0.0998382453114285	0.139088235104073	0.313701595679123
0.0228467505172865	0.00212563487902998	0.0132935478749196	0.178880400820732	0.873595606615652	0.0667017148878968	0.0772794390250584	1.72544076700579	0.545691601589080	4162	0.112220972282164	0.131955006095692	0.130080967590393	0.374256945968249
0.0115208453455963	1.33359595663562e-05	0.00335033148925759	0.124635188199993	5.85332082443753	0.0117973310491837	0.0112590977197856	1.69228279376504	0.0902727529723608	2080	0.138232785844416	0.128576109076659	0.145158249950452	0.411967144871527
0.0140362966597131	0.00183302113670303	0.335667302763990	0.162361786691021	0.171136747285645	0.0666040353609327	0.0769292787377453	1.76223934035480	1.56686887083081	7963	0.0841948966310931	0.132419426862019	0.137796304922802	0.354410628415914
0.0714144096558486	0.000294238316240440	0.166388513348046	0.169085609984903	0.217313153064132	0.0369481708577569	0.0415399268832112	1.52341825447764	1.37905582743932	2981	0.121003684033084	0.145460364947261	0.128470538583327	0.394934587563673
0.336448891673146	0.00186171379930569	0.0247510707756972	0.503925803349370	5.44624406456631	0.0568139592030652	0.0656019657247514	1.22798953880464	0.821308322390033	6006	0.132506543953185	0.141784748196008	0.116326915363470	0.390618207512663
0.00893719879846550	0.0503686348963447	10.8940717327991	0.143331477558750	0.128868372473456	0.0372086671441355	0.0424629742372379	1.77111893762614	2.42011460009719	23226	0.0650194324153869	0.0999341371278453	0.144331778828164	0.309285348371396
0.0170018474070431	0.000368067558017442	0.0382359843032143	0.151945533930809	0.994318859572959	0.0547709044361381	0.0630354898694200	1.73153414270853	0.969162742294233	151655	0.0614016607770788	0.148146970353947	0.110649793187098	0.320198424318123
0.0189428619035986	2.57541979130699e-18	0.0308284215127943	0.147892383627036	0.478547180445557	0.0452698994939693	0.0517706968469212	1.71224227045299	0.856334574573526	56580	0.0580270064480616	0.137057648507915	0.116135223183226	0.311219878139203
7.59724470590503e-17	0.0375488160481215	7.19610738330049	0.121772467786782	0.126872093072530	0.00207410299755191	7.28232497639096e-16	1.78834138589389	2.31739778766790	306229	0.0785755919098798	0.0753421602671517	0.149262933393987	0.303180685571019
0.0283803484988782	0.00423662978134179	0.0268061083257072	0.157423718232841	19.5314739861434	0.0339657466575734	0.0378124752811872	1.67536740100516	0.812864245355457	10029	0.0654537233711895	0.149575481167664	0.119792176409886	0.334821380948740
0.0604070106249275	4.38634437291830e-13	3.67257962303246	0.176884775232046	0.129073412680074	0.0491620411881945	0.0565705456650955	1.57217238412474	2.35701716183665	17834	0.0578319889628510	0.110243622140552	0.143111979624213	0.311187590727616
0.0240837120985599	0.00158264608446454	0.00633513728784132	0.188074315426359	3.49965687461135	0.0574110296772366	0.0663865221235438	1.73440127895579	0.310404392298594	6183	0.111562242790361	0.122971152007895	0.119828696315622	0.354362091113878
0.619368149435875	9.08970662763456e-17	0.256214499438267	6.07080969646409	0.171574671793972	0.0552594266324410	0.0638722370469130	1.07510370491178	1.48517906030790	215585	0.0907474606807015	0.133161635993161	0.134831900411738	0.358740997085601
4.32400360950556e-22	0.385778866389170	1.87247373312267	0.116494414328128	0.292111232101146	0.00214232840466651	0.000133667914811655	1.76753971887053	1.38247346621659	742071	0.0981499086580754	0.0757137665996247	0.146640033147492	0.320503708405192
0.00822254783072363	0.0767589262638914	0.584630419232635	0.157931937626326	0.229107751660756	0.0591386563305467	0.0688578400576584	1.79907262868410	1.41599636647457	119958	0.0816709200786967	0.106173753320757	0.146786625744727	0.334631299144181
5.60856129509433e-19	3.11699743101020e-17	1.03530416833399	0.141846424939052	0.143875992504853	0.0561177777289361	0.0650762063681410	1.83326418441974	1.96176968733115	553374	0.0663477281913460	0.123722304651362	0.126294272912172	0.316364305754880
3.02807354303418e-05	0.0450114165048076	0.424997985670959	0.138677590987351	0.221338052565944	0.0577359258186183	0.0668554390478567	1.82274841485693	1.41918116431980	45536	0.0607137251133102	0.115427442429504	0.148235996656487	0.324377164199301
0.0281907874585362	5.63333165090429e-16	0.277740680903953	0.178856434662360	0.185413051865292	0.0674105926478856	0.0784052091800161	1.70461899975689	1.55331687793544	108100	0.0913499678939509	0.135910761355644	0.114438608246836	0.341699337496431
0.00447694422523278	5.96847274116167e-18	0.0396059657662680	0.146309965652584	0.810990944183407	0.0521590412926895	0.0598886716917667	1.80477601685434	0.985381215824419	165449	0.0664107187941080	0.146099841973630	0.108976852876472	0.321487413644210
1.31375651049929e-20	1.29079265554538e-17	0.0923656495873973	0.138746881532584	0.336162818820102	0.0556500460443744	0.0641896764671791	1.82339455236605	1.23701704977082	38222	0.0606313229294223	0.149782459348868	0.110398004916813	0.320811787195103
0.569499844891456	0.0334314974844083	0.227766618875594	1.16160904634627	0.209308697015840	0.0314965108143401	0.0351727923388749	1.08799148709329	1.23786719296651	206605	0.0911020003577327	0.102583356239730	0.149708878157616	0.343394234755079
0.710745494178503	0.0102387527565192	0.0154428296738960	212710543643954	0.422470359832241	0.00883615478471018	0.00795227050695576	1.03588611725132	0.495754812709904	661198	0.0993319784453071	0.117946430536466	0.118760445805006	0.336038854786779
0.00100070917769172	0.0221393106149250	1.09405694061941	0.129001446793981	0.158170378783045	0.0315980404340529	0.0354196586078418	1.78239340037606	1.80812739962593	5428	0.0787268873999412	0.110116701178425	0.147989122747774	0.336832711326140
0.575381332492108	0.000397274812418382	11.4050864727565	2.61657876857977	0.112292117830503	0.0265915100114548	0.0294368875271369	1.09484923948401	2.68542547123484	653204	0.0804057019557099	0.0774844013799392	0.134546557355212	0.292436660690861
4.70847021408120e-20	0.0285670823610941	0.203918971148410	0.122707822191456	0.304203692972288	0.0409047472032826	0.0467115864164126	1.78245604044187	1.29148427158883	86854	0.0777530095351592	0.141541519529311	0.127856734661269	0.347151263725739
0.0191092831598982	0.0692089453890922	0.235574831009465	0.161559258065537	0.426946539930273	0.0636270739697089	0.0737502685288329	1.73468828903065	1.17954001867797	354573	0.0731296803103339	0.129557610458358	0.134455415188176	0.337142705956868
0.0961916976970630	0.0297648811264264	0.0666406272412043	0.185874908306125	6537408822377.01	0.0343044391043668	0.0387822771008665	1.48194289899600	0.967790792583472	32862	0.0709277040269661	0.144669044021556	0.115609724709491	0.331206472758013
1.21623848315177e-19	0.246027121919759	0.270973815134600	0.158381718213504	2730616.16795417	0.0343675286522863	0.0386088823235694	1.85010299742050	0.921286806850218	24426	0.0983164422189462	0.144835039002861	0.120292179253937	0.363443660475744
0.381525030484297	0.00489893162809320	0.176513937340221	0.538827094757838	0.250498919134099	0.0706699306170556	0.0822087301561171	1.19126544973069	1.38584412162362	518879	0.0740220108592549	0.146218969216057	0.129921767387202	0.350162747462514
0.0674742506881542	3.27086387394638e-18	0.0282256501882051	0.186759397043052	2.24827195000985	0.0496206474217343	0.0568102654849050	1.55986695516505	0.876216974255126	148417	0.0641763616931754	0.145940334348680	0.106104007972411	0.316220704014267
0.00601169821116689	4.00681672208954e-16	370.042257782132	0.135300520344229	0.113408709828511	0.0517524679643240	0.0598226713145571	1.77174584339380	3.95553758315656	151335	0.0607013739308406	0.149526368172302	0.142992820794438	0.353220562897581
0.0432250474640371	0.000658097295025859	5.40636979780584	0.158854528779781	0.131067363345475	0.0437530103298076	0.0499057342518150	1.61533362542414	2.49091387959434	19295	0.0612790818527404	0.129887489331451	0.132958876046585	0.324125447230777
6.26093452160434e-16	0.0376249938031185	0.0620996032458338	0.164888775649292	2.32889800482507	0.0660969551213726	0.0768843609090533	1.86945390317885	0.883946228483612	154492	0.0999619415563750	0.129797709253947	0.126205367815494	0.355965018625815
0.183276374715016	0.0475942289547236	0.0485315849912150	0.280467137200852	1.45389586080376	0.0351740002769260	0.0395681607190542	1.36306168413773	0.730671837185559	190706	0.0920682629163761	0.115723365524679	0.110858497988944	0.318650126429999
1.29763857185344e-16	0.00483105263558710	0.0287844966593321	0.153254444532638	3.65951695045534	0.0776562549487683	0.0905522765691656	1.85015088467562	0.835504677166537	93499	0.0834324451466522	0.142845789172906	0.149590733208613	0.375868967528171
2.00380528709419e-17	0.0527737184540962	0.0518522286966101	0.159460831022144	8.83049976741824e+16	0.0397998294255912	0.0452062907761891	1.86869551379281	0.753207698336020	194102	0.0991161620489387	0.115455854988184	0.110813946540940	0.325385963578063
0.123751071458677	0.00871028901052062	0.0286622739937218	0.208054732798068	1.08275603163109	0.0263627738441181	0.0289261594093067	1.43415364895350	0.779481623967404	41431	0.0736596992124501	0.131110872867456	0.113671174821572	0.318441746901479
0.000123296807097589	0.000581796492407646	0.0772706260279699	0.121214513485066	0.212157517079310	0.0192790845343940	0.0205149152081761	1.78881782932659	1.08408602429385	500	0.0824688907417933	0.139614848170171	0.115252516248217	0.337336255160182
0.206223435864131	1.17043096529771e-05	0.00361494364192314	0.250778103302168	0.230170679506218	0.00608582085021880	0.00459329856129830	1.32173045368475	3.61820875957613e-05	18598	0.0899277186298432	0.148968925907778	0.148565554507126	0.387462199044746
1.14326445726173e-17	3.57723561551879e-05	2.25568410685693	0.149620739874783	0.116846818510506	0.0231979183357493	0.0255293243821052	1.86626622085335	2.12478738012384	21812	0.126896929649072	0.0908443659316703	0.117010098600772	0.334751394181514
0.00935122873866442	0.00758095165996596	0.164920065301818	0.145921276874803	0.167197093314551	0.0472578624428478	0.0541783816289263	1.76866568921203	1.24013582002225	18703	0.0612763369692544	0.116879768873064	0.148622765224659	0.326778871066978
0.0225305189179668	0.0150851129634028	0.389706461192394	0.172420689459733	0.141084469756008	0.0270431176400960	0.0299755252374527	1.73137565296561	1.42777907342826	9537	0.0894504820517095	0.134706470671959	0.123119802921253	0.347276755644921
8.91299021915592e-18	2.85986346105453e-16	0.467538506492955	0.173882066093753	0.170339595398162	0.0894616276975428	0.104694915971871	1.87551610115667	1.71628375199808	20413	0.111780286397023	0.137877134631840	0.145276676342092	0.394934097370955
0.381784947814825	3.60701848823582e-16	0.196852225920314	0.518035815560772	0.183909917555982	0.0467100528453430	0.0534981131069824	1.18719964058977	1.41775359226648	76373	0.138540532063530	0.127650808233149	0.148470576991111	0.414661917287791
2.60808473429027e-07	8.52468110860243e-11	0.00329591690730237	0.143721945614243	0.354687926420542	0.00451192230875899	0.00239610783849843	1.81153001878779	2.07779820740857e-11	11063	0.138075017811741	0.140954038763493	0.140957939521985	0.419986996097219
3.97757692126922e-16	0.00108118362634774	0.00393162296519222	0.136223719094794	2.80417570530531	0.0394134359420255	0.0446699076963766	1.80423904738810	0.136871174289645	4890	0.0878930535645885	0.123695329221915	0.137376117337301	0.348964500123804
4.68970696519799e-18	4.03607177206244e-10	0.0151755039296847	0.143729077552228	3.52180214100973	0.0640761615487271	0.0743256798081474	1.83628818197608	0.660757755467703	105853	0.0679717322355759	0.135401185022370	0.144928476805131	0.348301394063077
0.0854585015119003	0.0377065606125657	0.0475606490547514	0.193717544832260	5.47045317299710	0.0149605932615683	0.0154239764401283	1.51619047258570	0.792427102272035	8696	0.0587196584946161	0.120188872957111	0.137844746999590	0.316753278451318
0.00964477961538935	3.44182604858843e-17	0.0172330107430820	0.152577028324364	4.97320697785327	0.0570302296497774	0.0656384389583823	1.77688564127724	0.692023076999603	101199	0.0721272311204570	0.143391341015102	0.116913742451124	0.332432314586682
0.330568250188360	4.75689763826749e-07	0.0220116356890707	0.459674556508625	2.22521398333928	0.0657859729880060	0.0761503527652972	1.22745610120927	0.777848836272715	133869	0.0868227270425754	0.144628906975674	0.118041238277438	0.349492872295687
0.00529895213302577	0.0618328208019406	0.0687433573974025	0.131120819863467	14941047655123.2	0.00642575749559472	0.00514372615093269	1.75505856903257	0.821172140442048	50335	0.0881658860215743	0.114858731747039	0.134807125126498	0.337831742895110
0.135143476836566	0.122668540404739	0.502249606620110	0.205249110250734	0.345150738958470	0.0349969774032506	0.0398240627254404	1.41243770305998	1.28244724516084	18286	0.0814541695609754	0.117558128974088	0.145135923344147	0.344148221879210
2.58114494209288e-18	0.0281232998594736	0.0591785974818398	0.164054708465636	1.31831523764408	0.0713691421348028	0.0826563257473614	1.86395760013310	0.899818462520655	54586	0.0994172004871816	0.145700286055316	0.136289457588392	0.381406944130890
0.00515516904278411	0.000873804803776314	0.170800137793503	0.158487929599725	0.216923278107210	0.0713779596628035	0.0830291229413329	1.81885451267927	1.39308956815063	306787	0.0845849516694288	0.139210328274360	0.128187794136758	0.351983074080547
3.06602400597126e-12	1.19652270067488e-07	0.0454146612467640	0.162731542420616	0.781909901907600	0.0685288127112995	0.0795638516783027	1.86583190142663	1.03229900093705	130268	0.0963484044424656	0.149666784456427	0.114188925704926	0.360204114603819
1.59977264504351e-17	0.00291535753024371	2.70129938755239	0.164313020982336	0.123351787181040	0.0530464835495431	0.0613953750516817	1.86671027719564	2.19738012923754	86877	0.0976035151273383	0.0839900241893527	0.135684777477601	0.317278316794292
0.0291157184591030	6.87135830766561e-05	0.0449000618900984	0.164015485382641	0.812318873173058	0.0604979267386252	0.0700067286692314	1.68540669305311	1.02713092322479	167915	0.0654156835930499	0.149853368536888	0.112043833886885	0.327312886016823
0.00624191118143067	0.0849384918016640	0.0702367518985205	0.188472015181328	5.66450532358321	0.0236560653827385	0.0261184888019951	1.85151414920731	0.739574210429882	4221	0.139248607703527	0.137066479345457	0.133820023126360	0.410135110175344
0.0568461714409265	0.000592039121567314	1.91075590157965	0.219935701053391	0.135083606781954	0.0835974291663262	0.0980889327105113	1.61563433761085	2.14670119573220	31014	0.129694711035645	0.114763578149063	0.138591095342413	0.383049384527121
0.103936565606175	2.74591814949778e-15	0.0554186129847704	0.203588424037428	0.281512526696519	0.0295944727534916	0.0327831421688110	1.47397616790577	1.02671667812861	38053	0.0674252486816555	0.131774801543589	0.117736270244175	0.316936320469419
0.0118411708119959	1.88044925042177e-18	2.31338737497020	0.160519150089838	0.141342636765813	0.0411012980439573	0.0465777413494725	1.77553967437973	2.24302932943291	39078	0.0802527274363402	0.135127347391161	0.127209396209393	0.342589471036895
0.00293864769164977	2.53250270240784e-06	0.176378835656643	0.139474026349998	0.184349654272606	0.0287784413962785	0.0320237788155498	1.81594828431458	1.36076974960458	1430	0.0891838940980472	0.146095842334370	0.131855989309805	0.367135725742222
0.0106624176473290	0.000694691418354413	4.47394109561697	0.144559207285685	0.124625203341820	0.0250428109802871	0.0269730862915104	1.74241928519301	2.39700378912154	72070	0.117515710350187	0.102186662192877	0.144642785053791	0.364345157596856
0.0114147500507158	1.06802579350467e-16	0.00357679524115850	0.150298342946253	0.253596576501059	0.0105702718727871	0.0101004641222129	1.76381746271737	9.86908095341929e-09	22942	0.0635173532286996	0.142796922461927	0.113741223978571	0.320055499669197
0.0126069224331225	1.35010204717799e-08	0.0304151587861638	0.120816339736066	0.292048702752701	0.0228968369657138	0.0249140789235191	1.69739354681241	0.803509631019053	49440	0.114313508265431	0.128973397156285	0.134495286362388	0.377782191784104
0.0165865085990716	0.00711730290701247	0.00972859511551680	0.174968607461104	2.21979557298264	0.0608032171654991	0.0701968766110551	1.76621492611111	0.407024542404749	5341	0.0998147365740971	0.121671533231705	0.144405657380513	0.365891927186316
1.66094926632251e-19	0.000509991948914555	0.316935976844652	0.128654445382721	0.192969252604777	0.0581541977034947	0.0672682094976905	1.79679892508776	1.59794710519766	19314	0.0628697962011977	0.144278434898258	0.144907099446346	0.352055330545802
0.00967170755235006	0.00656021527547186	0.252623659640757	0.179650737267377	0.219728728999105	0.0671816334533409	0.0781459941122965	1.80808182891170	1.47914172567437	29094	0.111034528758876	0.142694805763624	0.124642269484955	0.378371604007454
0.000922528846465671	0.00508023261565675	0.0121053781083050	0.128669557004551	4.65203575388229	0.0191831360710623	0.0203442424638567	1.80445206146213	0.513839842524171	6211	0.0763392817852693	0.126011463503714	0.123462932723286	0.325813678012269
0.0553851170894315	0.0202697636688516	0.0746644298668609	0.217571699090605	0.227428117490605	0.0377975198900978	0.0421993961951765	1.61804187364980	0.921072351998661	3903	0.148622279649608	0.113409694963515	0.138453843648728	0.400485818261851
8.01289858218443e-05	0.0222226535009015	0.0463534674999042	0.113338510821981	1.06732208514304	0.0316189415557039	0.0359925183822983	1.78139759311471	0.862246867824424	1335	0.135802265746278	0.134344632323716	0.140161851782321	0.410308749852315
2.68470686659654e-11	3.59313993313869e-11	0.0371044221280838	0.147823042300753	0.247442050409564	0.0211456241872201	0.0230509395708433	1.84654901887850	0.886844472521841	7266	0.0737842658629942	0.131250001110547	0.144393181192189	0.349427448165730
0.0227305366857771	0.00498311063704515	0.00836297720916127	0.122545011005326	2.15893753843162	0.0105056487622086	0.0103153876553703	1.65598015423371	0.384850873280048	876	0.141472832062277	0.123059584943133	0.127209034857771	0.391741451863181
0.000268761814558850	9.33457491337985e-13	390.332141954475	0.144760740934280	0.102487741532634	0.0203039349936157	0.0220659768614882	1.83824993048771	3.88071272624146	382023	0.0683252722308863	0.0951162536598063	0.149764374412958	0.313205900303650
6.16972547297893e-17	6.16373237754459e-19	2.61745496952121	0.149127193524711	0.121154226650904	0.0540748240822963	0.0622743613294258	1.84226630906971	2.20962573390356	24971	0.0782180023271139	0.0865956445681144	0.144430292371930	0.309243939267158
0.0108386425632570	0.0703943452255562	0.117548698063175	0.147361468747185	56.2681312956698	0.0501492391568170	0.0573064286636350	1.75951891024075	0.981838622574378	68989	0.0629315739015827	0.143247477968438	0.116028995536956	0.322208047406977
0.472207607910133	0.0131886379467697	0.0213348803339937	0.954633086687436	283148028850.283	0.0511793526217957	0.0588591168654148	1.14285970651307	0.657002871844337	202121	0.0951321818864691	0.127067835333133	0.114792060295840	0.336992077515442
0.0443588589778392	8.90921197879116e-23	0.0100262154370155	0.160410733284421	1869281.82184908	0.0154039377857846	0.0159790950151970	1.61006639297887	0.508157600377880	112957	0.0667824079452792	0.128439206957409	0.143146842608746	0.338368457511434
0.361435821175379	0.0712174035809397	0.115691280110336	0.397487636955110	6.39282635180882	0.0334959363436362	0.0376360040264832	1.19423772341110	0.971768870144670	85110	0.0993290437291439	0.133929930721908	0.138724967551694	0.371983942002746
0.00351123395284577	5.16052803541688e-12	1.84285822410731	0.139874526931483	0.146408866835217	0.0476457384857395	0.0546118271823245	1.79711082366971	2.18391395408724	94734	0.0597255705366890	0.146502540334522	0.103834681750626	0.310062792621838
1.57503376628191e-18	1.21923920928078e-17	0.0380902202758231	0.164769238659378	0.388148072228515	0.0712044867699800	0.0828935915089347	1.86823142102847	0.929207314818908	149408	0.0993714712423928	0.134654406472241	0.126752012511821	0.360777890226455
0.730547672252989	0.0226955653730625	0.0216255009562214	250487620729143	2.43051629292262	0.00683744595925656	0.00563108359699524	1.02676130201321	0.583488987284091	749964	0.140197432320154	0.117771843434150	0.120850980336304	0.378820256090608
1.35512379166314e-17	0.000266639649572343	0.0165738078987582	0.116741279767525	75172609192189.4	0.0319224684668486	0.0356469336682399	1.76528818492089	0.676492526409759	20375	0.0994672391563485	0.146616510954323	0.125786477745370	0.371870227856041
0.00933494236895101	0.00145927825637794	3.84507747695207	0.154036875278454	0.121926138888985	0.0477535993400056	0.0545151235908692	1.77518699247033	2.33106246335365	72627	0.0833043235865392	0.0822851951705347	0.136844604744146	0.302434123501220
6.72523128429583e-08	0.0113733870785382	0.195613944507266	0.133998985390097	0.167564743970824	0.0374646084347811	0.0423710742784647	1.80706930546299	1.28120307845677	165538	0.0628794730509820	0.102307523118598	0.135335180572651	0.300522176742231
0.0238188540482295	0.146848326279091	0.549796226128958	0.162922948946014	0.436964849182065	0.0611053466993235	0.0704202658721949	1.70859440229897	1.28017425410927	300682	0.0725543602291371	0.149701208207355	0.117257908980958	0.339513477417450
0.519510275177060	0.0179645278059384	0.281196302390268	1.22779574072861	0.171380592850589	0.0363795465024407	0.0411296410406531	1.11889033744026	1.36880601062860	189061	0.0989325675030201	0.0998190958404019	0.113929363504529	0.312681026847951
0.00297722152557426	0.00788170360139380	0.0347860339866290	0.159009028307954	9554664005.99675	0.0666109094400052	0.0769307494309761	1.83002422098446	0.881067236762834	60000	0.0946080347255634	0.148151547326426	0.124676309181643	0.367435891233632
0.168975974492246	0.000128100873696653	0.0378875999571781	0.238779923147074	0.775680211762132	0.0437264216260349	0.0498012640713703	1.37059610414282	0.970107391918703	293855	0.0635420204275956	0.145550804773881	0.121544314899220	0.330637140100697
2.40460088107712e-16	0.00672528488072625	35.7208554290436	0.139894892228231	0.109201491015296	0.00700594349131837	0.00587121854838736	1.83056555899879	3.00438855572075	66904	0.0628170161531260	0.0805681779394117	0.149729963301189	0.293115157393727
0.0231110981432399	0.0123180394155311	0.0840393644416296	0.185909841582100	0.472368115728335	0.0623862738176513	0.0726158265777639	1.74110301205635	1.11507414397534	57493	0.116137240694064	0.143111422038412	0.126783575309642	0.386032238042119
0.0429041590070853	5.17395342813403e-09	0.311611946864262	0.178382072943256	0.195572809445650	0.0600463627980967	0.0695702485516941	1.64066123825696	1.61733756161142	7959	0.0735954388199712	0.149187455020000	0.105403358295333	0.328186252135304
0.0301029769077026	7.63537848778176e-05	0.104281278798047	0.171237811702889	0.306368788161378	0.0741365951018220	0.0863019859582290	1.68877238047221	1.26982792619334	172796	0.0771232865155076	0.149700132251875	0.132227922170865	0.359051340938248
0.273070596169232	2.76377336665130e-15	0.00240056030584771	0.335934142486817	5.24545668261448	0.00209289588946628	5.62085747931495e-07	1.26765506265055	7.18338227761566e-12	31759	0.0566172388085621	0.146832437454813	0.148408747497086	0.351858423760461
0.0109137366809024	1.12687038918882e-14	0.00913201235209853	0.151712469671576	5.98116501263073	0.0361438477484516	0.0404261614113761	1.76888648633596	0.472989394186195	13880	0.0685482638645611	0.127411508515935	0.143370410400215	0.339330182780711
0.0427454855572858	0.0100412631370331	0.0294439187608988	0.181237914635460	2.87727701055240	0.0578340870955331	0.0663832723925629	1.64557041491614	0.791325585488417	10146	0.0802167090438501	0.137619628294312	0.146534107186662	0.364370444524824
0.0309237271742821	0.00791652401246854	0.0538582118026048	0.157492929359189	0.715780247350154	0.0485454219440084	0.0558337861322523	1.66032029366767	1.00930461299032	8592	0.0714943607455590	0.142782237227755	0.131332611739637	0.345609209712951
0.175306130571049	0.000947220867977468	0.0242556853703352	0.242179887236184	1.67890284405119	0.0515601939134673	0.0593634877558309	1.36261413554446	0.807167566864601	13647	0.0625867001583859	0.140211963526914	0.140578008824892	0.343376672510192
0.0272851750449626	8.39168380399675e-17	0.00302416216904131	0.183398659661361	2.27110348491529	0.0567113262583296	0.0656074100434672	1.71699916242825	0.0570231358505974	11157	0.107154557723670	0.121979673401165	0.132811926667846	0.361946157792680
0.0115090460549648	6.05489964517547e-06	0.00375483013224845	0.120013134981708	0.451872901722485	0.0133865151376912	0.0136714352003547	1.71489875095210	0.103934691491348	3050	0.127663905992776	0.146163802809395	0.149674457492941	0.423502166295113
0.0259794872090567	1.10168734916384e-05	0.0781100549181586	0.155890731893013	0.336143691029304	0.0524849576169834	0.0605831293907884	1.68800060593791	1.18437451693056	54905	0.0594293793147745	0.145808738272907	0.116794013617678	0.322032131205359
0.149933504434495	0.0459956512623906	1.29510872241279	0.261326149157019	0.165220772244946	0.0530974510797759	0.0611455770616652	1.41190344964127	1.75629896931194	222542	0.0887827982136968	0.0950005831625350	0.114613579345206	0.298396960721438
0.00331088694154537	0.00459415655834916	0.0198761559242052	0.184192022775901	4.13061482326387	0.0672482368122450	0.0776644644495846	1.85545268430151	0.712378537317532	17890	0.127714619454450	0.134594663305012	0.134971656489460	0.397280939248923
0.00270527574931305	0.000248552363554184	0.0450300187047231	0.157453256045867	0.573662637363795	0.0739681144017854	0.0863602035865005	1.83651667928561	1.03018946865088	27409	0.0861458864690890	0.149760785965424	0.136959514775846	0.372866187210359
0.0294794629028456	0.0107052253914546	0.0105811040681056	0.170099942399649	0.884928542123181	0.0379090814953097	0.0429767890254733	1.68715503884822	0.385488737077290	22209	0.0790316108695294	0.120670195234827	0.117094685825943	0.316796491930300
0.0321429346308330	0.0257716095531254	0.0582906819852125	0.163065477683983	5.65366982246892	0.0518050390410320	0.0597971195851658	1.66746463777775	0.934345857795653	21346	0.0614638509416183	0.140168889465733	0.125624505978168	0.327257246385519
1.01101734075484e-16	0.778685239336481	1.67599521510004	0.149996941805647	0.779534734030471	0.0174211206839337	0.0186511668951291	1.85331916657452	1.16614599110496	58202	0.0813110220496231	0.103052577349218	0.142318552732246	0.326682152131086
6.07488277837325e-19	0.00129713409694773	1.00035929052221	0.122859803450002	0.129174172762770	0.0169499847413921	0.0178184126972790	1.77174986722755	1.88393203895447	51435	0.0992879208763653	0.0963428592687668	0.127637071202620	0.323267851347753
0.696107646367265	0.168381838586748	0.873071985673071	36.3189181138442	0.273103091675950	0.0166883246712027	0.0173554802986544	1.04196759221951	1.36362259482950	575013	0.0949332352468020	0.0870969509591364	0.123966478446269	0.305996664652207
0.0320341505112660	0.00401255591637650	0.0139092546154655	0.182027423924953	22.2674487764644	0.0413893458572059	0.0469260349755772	1.68698356875123	0.571874222054099	49917	0.0966544320015458	0.136477476143119	0.120057714183753	0.353189622328417
4.15376182939897e-21	0.0512786582759964	0.0592191254835876	0.158755847872855	136633076880279	0.0588973186230080	0.0680193648251823	1.85880008091634	0.806884393319659	185846	0.0909788071458343	0.120870658654613	0.128284766136459	0.340134231936907
0.702263364099748	0.0222002324148759	0.769289597733379	1260.85944370103	0.154908705487550	0.0382135888905688	0.0432616560236765	1.03896266357768	1.67922630069321	237807	0.0852193943497986	0.0955315115960186	0.149684497754092	0.330435403699910
0.00635883942913672	0.0125642876288037	0.0158130448291515	0.151351210588378	18.8834434978960	0.0554626179204619	0.0635569823515873	1.79529452169919	0.542935450941911	12300	0.0772047552562632	0.130474379059586	0.148569081818936	0.356248216134785
0.0543060311907718	1.73728233897556e-18	22.6587346182936	0.153957626461840	0.119766060815927	0.0390644757542421	0.0447667254565543	1.57283491914201	2.99575491620891	15686	0.0946001856558685	0.123193028725795	0.142815436811489	0.360608651193153
0.00191009337941792	0.0916411466442127	0.172302995431421	0.187393038493743	4.66563263603723	0.0596399563421894	0.0692934594827674	1.88121817726869	1.05403065362438	27783	0.136024921823467	0.146282452915856	0.121510484092364	0.403817858831687
0.000117930269243426	0.478434624913613	1.34697713610614	0.113638267368724	0.483665296149964	0.00680130891728304	0.00594661190435972	1.76485703010917	1.23300001000506	673075	0.107203572132042	0.109434229842461	0.133667853847281	0.350305655821784
6.05102278296226e-16	0.0207119785656658	2.05568491733164	0.195638380997893	0.140725970609542	0.0843061579403710	0.0985853389899764	1.89623727180616	2.01117308711764	181395	0.140828170919404	0.0919738949425464	0.147042712325203	0.379844778187153
1.55267291387678e-16	0.0266045587865444	4.27311510570925	0.174822246874067	0.134404351341541	0.0613893795777090	0.0714047005150740	1.88354229436609	2.22187204594164	102168	0.118259514903328	0.0884768013731884	0.120931363288752	0.327667679565269
3.95519439585695e-16	0.00114241793029950	4.15914966078980	0.188683815002716	0.117814823307168	0.0494930150626169	0.0569404536857909	1.89173165067724	2.34316310473377	202534	0.130692375175608	0.0803588978419703	0.118729369916178	0.329780642933756
2.24989105424416e-13	0.0156902234756368	0.163085712463773	0.187488152764127	0.191202343299285	0.0629659212237275	0.0731966060557935	1.89827250911059	1.21417425443165	183594	0.140431050988182	0.107380122119498	0.127896295048590	0.375707468156270
6.47327064651331e-17	0.00667464702654158	0.441088411678430	0.172855762366637	0.144136818879697	0.0624730857671755	0.0726532594533350	1.86905663321014	1.57226573113202	220785	0.114123451005811	0.0978194621901497	0.144591547587481	0.356534460783441
0.0894252244377833	0.227776499335880	0.388052139528264	0.234191737268038	2.02167486431077	0.0711316025329579	0.0823272382350793	1.52579273349829	1.07002190707378	355584	0.140280913859286	0.127705212179112	0.137885655031760	0.405871781070158
0.589282257789928	0.00252587546552015	0.890408914124403	4.80153366795972	0.131624254380967	0.0181087160327769	0.0192315948761451	1.09181842560233	1.82909862469929	1420242	0.104175775016781	0.0900291681289671	0.149210906089030	0.343415849234778
0.0573687437409807	0.0194674547668796	5.88698982392712	0.194163082401175	0.127263322021368	0.0538472978326779	0.0620897723043332	1.59833211162657	2.35395141682800	1141752	0.0867149859933266	0.0767084843100044	0.139223763971117	0.302647234274448
0.0170278240623345	5.02392497013321e-05	3.81914684405617	0.160750555291184	0.128307001222878	0.0483347792050873	0.0556498887479788	1.73382753903324	2.38446537951319	42303	0.0959677219184009	0.112528030724889	0.145904293688417	0.354400046331707
0.189882056638455	0.212784385984736	0.321948182162099	0.233437875681602	2.26748934203486	0.00782645053322405	0.00666671888578731	1.34045057249856	1.02111169417835	126462	0.102518538538938	0.147787529410355	0.138321812768408	0.388627880717701
0.00342276635674710	0.00348708905084674	5.61734379645226	0.141153837033855	0.123557864399926	0.0471681399462262	0.0540425059039894	1.80070222642815	2.48785110430277	126497	0.0608341875088098	0.141424156989764	0.129856376672367	0.332114721170941
9.43961200320110e-15	0.000126993465355656	0.00266700928029044	0.148558705286221	1.61742657542445	0.0135303797286090	0.0135965043981168	1.85187434038588	0.000710826076365015	136550	0.0794947739861255	0.123945066694525	0.138811767867814	0.342251608548465
0.0992890124164765	6.47310715440086e-11	0.137440825634676	0.222130990576699	0.130956784134629	0.0124265867651956	0.0123853908076115	1.50113629306063	1.17253806884065	235104	0.0846433647633678	0.121417355242224	0.135441723277338	0.341502443282929
1.48433164914589e-14	0.193245603053727	0.271267431344262	0.163596899637655	3.81805269900419	0.0481179598330310	0.0556071384912119	1.86755715373206	0.995033770892465	206989	0.0973337729777100	0.121267895269491	0.145490673990875	0.364092342238076
0.0508349656248101	0.223584249596779	0.384299804701131	0.149664457152324	3.94555972984784	0.0105357441927362	0.0104065441933748	1.57762692052873	1.07930056296179	26454	0.0938952097219290	0.133986283322423	0.132653181631228	0.360534674675580
0.100911537941982	0.0161779538365062	0.125006456647993	0.225386928120895	0.325504723610824	0.0513443211313793	0.0583989730677650	1.49317767727979	1.18797954159965	144470	0.117987326275007	0.143096301621339	0.120458186362018	0.381541814258364
0.0165292309186145	0.351033321796832	0.533515173619955	0.171679649978063	4.27284337122896	0.0621007912777229	0.0717186892973368	1.75945765105900	1.04841483652924	93177	0.0933431975275963	0.122751420414623	0.128446373375082	0.344540991317302
0.0272047396301312	0.197837747449672	1.50872350453669	0.167643114611086	0.225756642032627	0.0404819629785202	0.0461517475997326	1.70575730587478	1.48457260314255	164284	0.0970854695865542	0.0793450200714736	0.133253501758236	0.309683991416264
0.140974465652686	0.0312507548312953	0.0731984123663786	0.244367914283905	1.76088050223983	0.0655900781610228	0.0760513783145822	1.42183017333391	0.980666864369766	775788	0.0779043205253626	0.142275074986372	0.132847026371975	0.353026421883710
0.0704690917663965	0.0505256295641108	5.37399649422281	0.222622146228047	0.147289344800208	0.0631445822958636	0.0734063191493283	1.57301111961100	2.21332325118945	52822	0.120355444695743	0.124919982604645	0.137383429679198	0.382658856979586
8.41421041968359e-05	0.0633465491558822	2.23363262947405	0.138815129069991	0.145755350623516	0.00275592404016908	0.000607304895980040	1.81253532572438	1.83855876399876	117563	0.0845146381053950	0.0946609850903721	0.149291458162774	0.328467081358542
0.000969930307317450	0.178956088720615	0.882570703687683	0.171709586419809	0.283624021587083	0.0614415208680440	0.0708905746657266	1.86224316823789	1.35247443525121	259426	0.111063368600930	0.0935435268458406	0.125032128367065	0.329639023813836
0.00328322863983090	0.00423757548785401	2.64936543477532	0.161882092189156	0.132222736544689	0.0407217355251566	0.0462520755805112	1.85386274982497	2.21121138748708	65130	0.127224895386268	0.102611708350647	0.118206177095702	0.348042780832617
0.0743200383842039	0.0467350855191107	1.12390989147096	0.187629457567034	0.179429884184389	0.0492742109227122	0.0565474762229909	1.54058016544539	1.72166044161643	299959	0.0590623595062658	0.115520364514400	0.123130671327447	0.297713395348113
0.190053250825806	0.178730995830609	0.376530836461457	0.248141107359815	0.639389437255870	0.00856644410032650	0.00761670576577718	1.34261466737705	1.10385464567323	110137	0.0841480795372100	0.102311904445500	0.124981479430728	0.311441463413438
0.0156986013915406	0.00819825587817190	0.0336345122141731	0.179761027541741	5.85263598025765	0.0553404722250513	0.0637084481127537	1.78073489691777	0.871972606899230	2340	0.118741714530097	0.142102836653050	0.124018522375090	0.384863073558237
0.100569238011785	0.00787535204596308	5.58989481297489	0.192757890585422	0.127562106001850	0.0291028110270768	0.0328128993637753	1.47770067300003	2.44887325326172	219683	0.0698801138842127	0.123580839639239	0.149852875954318	0.343313829477770
8.08544711372311e-17	0.0236377018429098	0.251038537517422	0.183780426511111	0.229737459270643	0.0661851679249619	0.0769080868322586	1.88883474945130	1.34213681953672	544032	0.126440823364977	0.134956405518320	0.124301956031764	0.385699184915060
0.609867808502713	0.0704940232026176	1.14496648846437	5.72881287622455	0.194825641858086	0.0597210381385111	0.0691861391113653	1.07896719508849	1.65424940075577	199681	0.147517534547143	0.121199561745292	0.141900912642717	0.410618008935151
2.35743423715502e-15	0.327914146205726	0.693969308509152	0.140703106670184	1.07535022288388	0.0473402525426470	0.0543959541442950	1.81631068462959	1.14901833961869	300827	0.0816993034838016	0.132367301009775	0.136132301546262	0.350198906039839
0.000360290658891980	0.320722992059086	1.37352350529475	0.139495438410273	0.341225254117182	0.0548430261765258	0.0631576539877482	1.82483628571734	1.34454470690158	205723	0.0630242111589260	0.137275626274365	0.139898360375219	0.340198197808510
0.682579340353270	0.0448922305690979	0.109011034955657	5.20510356484367	1.34864068172649	0.0139328610943025	0.0138801166202285	1.04571839531720	1.04223715059968	5349	0.116333767155477	0.143834403697889	0.137567144148111	0.397735315001476
2.08497240298140e-15	1.29903172662185	2.45578294785082	0.167173752689867	1.20608154312773	0.0506268901915524	0.0586508124484564	1.88892165387502	1.13622815453572	307136	0.145409547367375	0.147884132122109	0.134070508928940	0.427364188418424
0.00217388796647949	0.00990519411596258	5.97759101284516	0.166777054857599	0.130680873647833	0.0791409878964589	0.0926806229264592	1.85443800233455	2.45392122385401	102044	0.101115948492015	0.114197147995634	0.146638839496513	0.361951935984162
0.443784495406149	0.00870792527846409	3.76194563380530	0.741310066713183	0.123207903146786	0.0423571014502107	0.0482645628082557	1.15443640555448	2.25449319546014	45892	0.110610149767707	0.0819928371419245	0.144571050675571	0.337174037585202
3.20814523555129e-16	0.0554517195548439	0.0715091471375691	0.187207465492767	2.35986317052898	0.0505984621144933	0.0581689103782929	1.89162787576574	0.847899280907211	215141	0.130269682032034	0.117581419570913	0.114232664147171	0.362083765750117
0.494334549330546	0.245375623894654	0.624652773717823	0.842773243073007	0.619670973990415	0.0555738510080994	0.0640706149014635	1.12667658555012	1.18689210195327	424673	0.0816485429283043	0.130838683402281	0.135718263328813	0.348205489659398
0.00760560742380118	0.000494266650172495	0.191917531279151	0.165514068588600	0.224719581566649	0.0806658718315102	0.0941813454018021	1.80942795899129	1.44778802503041	144212	0.0929817316843282	0.145845761742303	0.135984344547337	0.374811837973969
0.0245215642127841	0.00684233473163908	5.45122310472916	0.179999632737909	0.126433259074972	0.0659994672389529	0.0767425514891166	1.72358008268957	2.42050349772625	310221	0.0963758626434354	0.0933833073262899	0.138352484897979	0.328111654867704
0.000355151119160023	0.00583598582275156	2.63652572478877	0.179952470713194	0.126063760276173	0.0731119523515313	0.0855549465540854	1.87756612149629	2.18222358837964	85005	0.117907437049138	0.102946903505534	0.146344189320886	0.367198529875557
0.0371251845874230	3.34938357076096e-05	0.0775426889832169	0.197666436306806	0.175395216523145	0.0598369868765584	0.0692609780845071	1.68355259958472	1.06229170336194	81475	0.125428824757793	0.112566418679517	0.117361130260947	0.355356373698256
0.0267094643034991	0.0209737395699622	5.87587192186690	0.173994558995059	0.129153404819345	0.0414353690384569	0.0473760405728150	1.70818314476484	2.35207950045013	565527	0.0822912389916917	0.0807065552472552	0.137263660538089	0.300261454777036
0.452145957071238	0.259804223244482	0.408322303455064	0.715855824126044	3.44642233306913	0.0623020892588786	0.0720216306378989	1.14926207930622	1.04835597959069	517782	0.0716888198330898	0.131790409191878	0.143852228912794	0.347331457937762
0.0515822336583167	0.000643347148335562	4.66866295179996	0.204409891373828	0.130750134451843	0.0786183179326243	0.0915023840638481	1.62414019272567	2.45693843239056	1015611	0.118443603893262	0.123681879413451	0.126478266636043	0.368603749942755
3.39982300851690e-07	0.00757187570428639	0.180319886284403	0.198593287975629	0.163704944978643	0.0600591368290497	0.0693038272885738	1.90151425702371	1.27644775456189	315145	0.145474318301058	0.103533231517540	0.121583311331870	0.370590861150468
0.550085528001482	3.79080395308775e-15	5.99264004211314	1.16260143248619	0.132669479913797	0.0609081554019469	0.0707711103727246	1.09899519372418	2.56653473992979	1102776	0.0707718794741985	0.142689939245395	0.143891380525837	0.357353199245430
0.256526602203556	0.00167556943193052	9.00328792564837	0.355370517191636	0.114119410630365	0.0416583349260078	0.0474027008554531	1.28846164680602	2.61044686413749	292547	0.0767551684656437	0.0955091491555908	0.131041425249561	0.303305742870795
7.31066524310903e-11	0.00913397123342788	5.99684306044840	0.177691094004774	0.121763893707624	0.0637928546387322	0.0742199692938827	1.86789617910421	2.42210299302323	386724	0.135252561602128	0.0827963544075394	0.144396563379195	0.362445479388863
0.00168388777443000	0.00312571477844305	2.80274235752461	0.196655307552178	0.142721807863944	0.0915402781162252	0.106925371786505	1.87876993931263	2.27727161902070	575656	0.138865822083440	0.140804681840031	0.125324296458245	0.404994800381716
0.00168388777443000	0.00312571477844305	2.80274235752461	0.196655307552178	0.142721807863944	0.0915402781162252	0.106925371786505	1.87876993931263	2.27727161902070	575656	0.138865822083440	0.140804681840031	0.125324296458245	0.404994800381716
0.0249526300108998	0.295483198097790	1.24370128005308	0.152993687210172	0.306748750548804	0.00577514674545658	0.00417774543798833	1.68714876452084	1.32754285453169	625758	0.0612713873463895	0.102278924192033	0.143770021621897	0.307320333160319
0.0715634558848089	0.0309494460467602	0.880714295383467	0.161528956881768	0.173180475617169	0.0263093153458376	0.0287130803811826	1.52106120064669	1.69849359285485	233706	0.105017309395552	0.123153207608239	0.149223384225634	0.377393901229426
3.24819880300884e-12	0.138398816247580	5.12269019646872	0.191174684018670	0.159614603436596	0.0773439847524922	0.0903460000986267	1.88304712452429	1.95893816968098	511726	0.142908367096583	0.0960854596554648	0.126592930524471	0.365586757276518
4.78049705352881e-06	6.74848248199567e-06	0.00339187945700847	0.169536793882524	1.94117305102667	0.0285644184300664	0.0316712581222755	1.87988093089152	0.106669387493951	557494	0.111223730225694	0.126455884013367	0.131963751033856	0.369643365272918
0.0121285438898962	0.0114799203708668	2.64838550150361	0.148158783246942	0.130373822571438	0.0325850652984947	0.0365697026902201	1.77056710334137	2.12049908724935	561460	0.112686594722149	0.120036825858222	0.125558578900491	0.358281999480862
0.256526602203556	0.00167556943193052	9.00328792564837	0.355370517191636	0.114119410630365	0.0416583349260078	0.0474027008554531	1.28846164680602	2.61044686413749	292547	0.0767551684656437	0.0955091491555908	0.131041425249561	0.303305742870795
2.60800665531038e-12	1.01452179879705e-14	1.65942347780506	0.146565299125273	0.139970184347998	0.0619597433383497	0.0713863746822884	1.84141231531441	2.11368621367650	389337	0.0722383511644780	0.123614909322350	0.147853561179392	0.343706821666219
0.00126954515473347	0.0404440607827735	3.86427459943308	0.130805131736322	0.126211392719445	0.00280378948376293	0.000786618048984788	1.78281126926569	2.08238086170458	191431	0.0887007611178736	0.119354389376011	0.140201616811624	0.348256767305509
1.47283261612093e-13	1.11286766149693e-13	5.94241872011472	0.198556654113477	0.127525246898440	0.0813910481419103	0.0953590497225595	1.89276116178648	2.52988303293295	244062	0.139582913163361	0.114815973449154	0.138146787889126	0.392545674501641
5.91061023317311e-10	9.47517879272254e-06	2.63216646887237	0.143319672083541	0.126069890642416	0.0461075566823130	0.0532152484732008	1.84129895047848	2.23481056114699	449789	0.0785120296683277	0.0949626996032491	0.147086214709772	0.320560943981349
0.146363429504516	0.000143583825102853	0.216036245673341	0.223970456593516	0.176012534029254	0.0386172976150248	0.0438677015622593	1.40193581100345	1.46699684763767	156949	0.0599012961843204	0.135489637424556	0.122324500177896	0.317715433786772
0.00935675373129709	0.156107858687056	0.233354834078360	0.180351079048360	1.37494308379947	0.0302714138302387	0.0336720286903699	1.81459139062169	0.993255398216821	663831	0.110538051040394	0.105669678268244	0.127033738605952	0.343241467914590
0.00446799019200226	6.21575003221406e-05	5.66464185292221	0.168763061074255	0.117493030502824	0.0416749926144999	0.0473885772552537	1.84313440098440	2.45406228890134	199345	0.106152316884635	0.0875483923063879	0.113071784983099	0.306772494174121
0.000749924302161841	0.214386511458811	0.553430047081508	0.167652637209308	0.614042226296429	0.0842638581776457	0.0985916443339318	1.85560773348381	1.18743791964356	1334975	0.112365834066013	0.138843627594762	0.148555580833028	0.399765042493803
0.217990425303085	0.00423134961922674	0.679678202972508	0.304609389999798	0.153863181890110	0.0601193144800308	0.0692558602978668	1.32243561862987	1.78664755315126	1144523	0.0880398728591771	0.122293992721852	0.137013033176451	0.347346898757480
0.0206740656518366	0.0574171599058119	4.42720548958700	0.188664900915466	0.146444529125956	0.0699794525022811	0.0810591212858729	1.75515312412450	2.11445087636016	451432	0.118329090454659	0.0963930615639464	0.145075861823287	0.359798013841893
7.31066524310903e-11	0.00913397123342788	5.99684306044840	0.177691094004774	0.121763893707624	0.0637928546387322	0.0742199692938827	1.86789617910421	2.42210299302323	386724	0.135252561602128	0.0827963544075394	0.144396563379195	0.362445479388863
0.0243813127497572	0.00162511739489033	2.26234581159917	0.158261530545605	0.137821822732336	0.0368660520337875	0.0415031149471648	1.70744089368005	2.17901937518808	1182211	0.0796452098682372	0.143227929037817	0.113319982143156	0.336193121049210
1.05973418716875e-09	0.0182835662125429	0.0252573792426889	0.177863065001843	1.36873263456558	0.0687772989691495	0.0801254667196042	1.87947788964114	0.676956042588217	469705	0.116318803713288	0.147560593387257	0.132564824594778	0.396444221695323
0.00461967513524546	0.00407104485305849	3.35608949750978	0.148528643734541	0.124946447416003	0.0295895016285087	0.0325547353070320	1.79695158546172	2.25017432536532	1366624	0.0872544819107668	0.116419857747762	0.124666625256957	0.328340964915485
0.000177104547521837	0.0362743423280033	0.0721008723413180	0.166014432536741	0.278848057016674	0.0290833071492970	0.0322507095427767	1.88776444855125	0.839658953979593	109621	0.146115355828156	0.127754120898737	0.143742656220916	0.417612132947808
0.00100017065034468	0.000128312807679332	1.38822321868480	0.150108543180480	0.141201943894930	0.0703038394752928	0.0819137509934225	1.83814130978239	2.04255496044833	676533	0.0762332617012816	0.122291729940703	0.149122408964486	0.347647400606471