-330	0.0331140916154247	0.0440276858280894	0.03654380291356	0.0502931875077439	0.0313684255899154	0.0218131877384361	0.0246855403744995	0.0277356619731507	0.0200725722020825	0.0454695806485238
-320	0.0383814218080099	0.0428988458866579	0.0350936389077531	0.0470146232525679	0.0295195583575353	0.0226752035088128	0.0295626976748672	0.0294499976223129	0.0200555736261926	0.0527286317470527
-310	0.0444048187342517	0.0449072149160145	0.0326678650208434	0.0467825987013312	0.0338571378818529	0.025014700429158	0.0295674797095281	0.0235669472751443	0.0221859746321996	0.0449550460502882
-300	0.0379217687011403	0.0548251524632771	0.0320906707036483	0.054930833978839	0.0337615073304779	0.028809282726302	0.0298252712280397	0.025057897661797	0.0258929717589416	0.062490475559553
-290	0.0437034162431014	0.0486687016344712	0.0310642357754598	0.0464241394299423	0.0412972126092642	0.0342008559256257	0.0315140467685381	0.0273304105833569	0.030232228736601	0.0547650436717478
-280	0.0367983969962812	0.0524132095149113	0.0312917603693613	0.0533136255874906	0.0355099595121754	0.0297232271575448	0.0359923425278975	0.0247794907486872	0.0266133626879339	0.0561674404897442
-270	0.0403148788483723	0.0517627051502072	0.0319145652158243	0.0536381322666428	0.0576781792598899	0.0265523794485476	0.0360387282641083	0.0263136315916865	0.0230590040554641	0.0675860103740686
-260	0.0481332428935089	0.0615350165098661	0.0324161490246603	0.0408424652535213	0.0494650364269874	0.0309576526417724	0.0314218730504492	0.0318219101684586	0.0266345891147502	0.0685253411205519
-250	0.0546629081822379	0.0638356911922225	0.0417140963398164	0.0513306986238663	0.0443496042978712	0.029883295408859	0.0409554967515838	0.0309057183190128	0.0284745759895933	0.0752061849059947
-240	0.0494242013922248	0.0704677601410507	0.0451938628914836	0.046688569136236	0.0555623904574506	0.0362792821187352	0.0350492854424783	0.0298093756455389	0.0322693555056741	0.0703479838833211
-230	0.0520859195751737	0.0716112827749109	0.0458827402991579	0.0574076892363621	0.0400670316568958	0.0387540888862092	0.0361163964770591	0.0344199788516044	0.0420975833964331	0.0729417203991944
-220	0.0611276435419742	0.0755648662971803	0.0585574179341622	0.049745098912556	0.0517864992648731	0.043401630201503	0.0434335471128645	0.0366632876356754	0.0386817413644193	0.0752642527344456
-210	0.0520165992896963	0.0727326444440149	0.0628264248598592	0.0568277416404159	0.0481004437332052	0.0554407118709168	0.0401023020675007	0.0447493591314633	0.0491088421596044	0.0805615935931419
-200	0.0577605414171413	0.0859333328874457	0.0631592629117154	0.0630678503367941	0.061070835029679	0.0565471615084602	0.0426904587768488	0.0434660044209367	0.0503934986359547	0.0684257187848701
-190	0.0610534379088397	0.0872657503606292	0.0655273140665778	0.0558157859941875	0.0527080948706044	0.0635921334254636	0.0407051970873743	0.0699740370483176	0.0565372198234567	0.069792407052418
-180	0.0606538939473716	0.08851266274261	0.0702837793984143	0.060971641869045	0.0584475921267797	0.0679773734765344	0.050467441895589	0.0443073386769997	0.0606709683772173	0.0823902631154805
-170	0.0604913861933697	0.0928906118875144	0.0657905152032713	0.0587949894243813	0.072796781028023	0.0687004862317793	0.0595547423617059	0.0611516166521687	0.0593014061936019	0.0721956376983032
-160	0.0630681380655254	0.0989296433080022	0.0790525851681653	0.0624503546328113	0.0623329027383015	0.0744019086445171	0.058076934250331	0.0554859260150458	0.0661326543967092	0.0798408835500378
-150	0.062466594663048	0.106831522898022	0.0771264809000065	0.0679416630292244	0.0688279348416363	0.0729796047730613	0.0614668389208685	0.0542468613142352	0.0644136625133279	0.0845131590399961
-140	0.0705769819784867	0.109094342776513	0.0858593461007469	0.0644316658899686	0.070124177545312	0.080716335362872	0.0574139051445966	0.0629492104824552	0.0725722815629701	0.0828340134225738
-130	0.0814496567702727	0.102887461006998	0.0769855239025372	0.0749992054157726	0.0749378593268017	0.0771833160077586	0.061051519210569	0.065563332644793	0.069029386072703	0.0834467540679925
-120	0.0625982407935247	0.125879209154796	0.080481825096146	0.0760596777688701	0.0785980012970031	0.0733741641526844	0.0558518136723233	0.0618852826423086	0.0654229420602631	0.0879095092615213
-110	0.0865111351992467	0.132089629937694	0.0851270363801086	0.0785865061447255	0.10246644190731	0.0750336171123419	0.0551215571293143	0.074202083646132	0.0680016260227491	0.0927452907385968
-100	0.0880480827892409	0.117278585077171	0.0817737383871635	0.0831829634791259	0.0980883278671201	0.0808763543927067	0.0650469091697547	0.0619195447252964	0.0717882549396211	0.0908260390199305
-90	0.0931849505258919	0.118764149141397	0.0770648967845119	0.0836124910786348	0.0986655286748757	0.0971184581961048	0.0572778562584938	0.0794163856340848	0.0860627436639613	0.0942082866240633
-80	0.0972017823677579	0.123115661013707	0.104996956525126	0.0847312654031199	0.113405293193497	0.0902150472541259	0.0606121299258095	0.0733273229676419	0.0800944129107686	0.0952728233006004
-70	0.0913331885503144	0.124400280740663	0.112759789398633	0.0847407320776309	0.12681532351329	0.0972007565098186	0.066337301372711	0.0940639319059069	0.0865028760212316	0.0956541665123528
-60	0.0958335406820971	0.123350204912561	0.0914251838057834	0.104810195823162	0.131354862399679	0.115543386950619	0.0638185240162349	0.0888423728657166	0.102682425655809	0.106169656609004
-50	0.0997580674310067	0.130530357493542	0.0882159781216538	0.084061794015043	0.148015737118484	0.111267418584025	0.0728880911038175	0.089565131286433	0.0986700643683381	0.11309145024203
-40	0.112627321398301	0.13966398226533	0.0929701662273545	0.0827739394222478	0.125785110858064	0.119425681924221	0.056134113118472	0.102940802184904	0.106074469681577	0.110130503265595
-30	0.101277087732021	0.123466486780863	0.0992213499893911	0.0843994539102225	0.147542220273981	0.117057488881331	0.0522165109231037	0.0959567030758411	0.0992941736200467	0.11278845490468
-20	0.117808544648261	0.126671758562609	0.103839003536785	0.0945163478703007	0.154135230602265	0.126041787090394	0.0586116454259978	0.113307127457972	0.111580569928842	0.11084476467596
-10	0.124059960334091	0.150648131856476	0.101742041301897	0.101368172137667	0.148190713093157	0.122059277184543	0.0617430811231134	0.11354146427204	0.107914718072972	0.120017131134979
0	0.122808687214581	0.13541027776884	0.0954197024739406	0.0985109886803772	0.150354584627767	0.130101427054613	0.0653290492147481	0.11337032978564	0.11412054944161	0.126242140960392

